,C:\Users\dunnm\Downloads\Drum Breaks\377DrumLoopsSamplePack\2023-01-01 - 001 - 120 bpm - rock-ish.wav,C:\Users\dunnm\Downloads\Drum Breaks\377DrumLoopsSamplePack\2023-01-02 - 002 - 121 bpm - crash-y tom-y.wav,C:\Users\dunnm\Downloads\Drum Breaks\377DrumLoopsSamplePack\2023-01-03 - 003 - 101 bpm - slow spacey.wav,C:\Users\dunnm\Downloads\Drum Breaks\377DrumLoopsSamplePack\2023-01-04 - 004 - 93 bpm - rock.wav,C:\Users\dunnm\Downloads\Drum Breaks\377DrumLoopsSamplePack\2023-01-05 - 005 - 124 bpm - funk groove.wav,C:\Users\dunnm\Downloads\Drum Breaks\377DrumLoopsSamplePack\2023-01-06 - 006 - 99 bpm - hard rock punk.wav,C:\Users\dunnm\Downloads\Drum Breaks\377DrumLoopsSamplePack\2023-01-07 - 007 - 120 bpm - rock funk groove.wav,C:\Users\dunnm\Downloads\Drum Breaks\377DrumLoopsSamplePack\2023-01-08 - 008 - 135 bpm - steady marching.wav,C:\Users\dunnm\Downloads\Drum Breaks\377DrumLoopsSamplePack\2023-01-09 - 009 - 102 bpm - funk-ish.wav,C:\Users\dunnm\Downloads\Drum Breaks\377DrumLoopsSamplePack\2023-01-10 - 010 - 141 bpm - breakbeat.wav,C:\Users\dunnm\Downloads\Drum Breaks\377DrumLoopsSamplePack\2023-01-11 - 011 - 109 bpm - tom-ish.wav,C:\Users\dunnm\Downloads\Drum Breaks\377DrumLoopsSamplePack\2023-01-12 - 012 - 129 bpm - funk-y break-y.wav,C:\Users\dunnm\Downloads\Drum Breaks\377DrumLoopsSamplePack\2023-01-13 - 013 - 120 bpm - funk disco.wav,C:\Users\dunnm\Downloads\Drum Breaks\377DrumLoopsSamplePack\2023-01-14 - 014 - 141 bpm - groove-y.wav,C:\Users\dunnm\Downloads\Drum Breaks\377DrumLoopsSamplePack\2023-01-15 - 015 - 170 bpm - rock.wav,C:\Users\dunnm\Downloads\Drum Breaks\377DrumLoopsSamplePack\2023-01-16 - 016 - 150 bpm - breaks.wav,C:\Users\dunnm\Downloads\Drum Breaks\377DrumLoopsSamplePack\2023-01-17 - 017 - 114 bpm - steady groove-y.wav,C:\Users\dunnm\Downloads\Drum Breaks\377DrumLoopsSamplePack\2023-01-18 - 018 - 145 bpm - rock.wav,C:\Users\dunnm\Downloads\Drum Breaks\377DrumLoopsSamplePack\2023-01-19 - 019 - 120 bpm - groovey.wav,C:\Users\dunnm\Downloads\Drum Breaks\377DrumLoopsSamplePack\2023-01-20 - 020 - 87 bpm - crashy slow groove.wav,C:\Users\dunnm\Downloads\Drum Breaks\377DrumLoopsSamplePack\2023-01-21 - 021 - 160 bpm - hard rock breaks.wav,C:\Users\dunnm\Downloads\Drum Breaks\377DrumLoopsSamplePack\2023-01-22 - 022 - 170 bpm - breaks dnb.wav,C:\Users\dunnm\Downloads\Drum Breaks\377DrumLoopsSamplePack\2023-01-23 - 023 - 85 bpm - slow rock-ish.wav,C:\Users\dunnm\Downloads\Drum Breaks\377DrumLoopsSamplePack\2023-01-24 - 024 - 180 bpm - metal punk rock.wav,C:\Users\dunnm\Downloads\Drum Breaks\377DrumLoopsSamplePack\2023-01-25 - 025 - 120 bpm - slow rock.wav,C:\Users\dunnm\Downloads\Drum Breaks\377DrumLoopsSamplePack\2023-01-26 - 026 - 85 bpm - rock breaks.wav,C:\Users\dunnm\Downloads\Drum Breaks\377DrumLoopsSamplePack\2023-01-27 - 027 - 90 bpm - breaky.wav,C:\Users\dunnm\Downloads\Drum Breaks\377DrumLoopsSamplePack\2023-01-28 - 028 - 118 bpm - groove-y funky.wav,C:\Users\dunnm\Downloads\Drum Breaks\377DrumLoopsSamplePack\2023-01-29 - 029 - 170 bpm - metal punk.wav,C:\Users\dunnm\Downloads\Drum Breaks\377DrumLoopsSamplePack\2023-01-30 - 030 - 110 bpm - rock hard-disco.wav,C:\Users\dunnm\Downloads\Drum Breaks\377DrumLoopsSamplePack\2023-01-31 - 031 - 71 bpm - break-y funk-y.wav,C:\Users\dunnm\Downloads\Drum Breaks\377DrumLoopsSamplePack\2023-02-01 - 032 - 135 bpm - metal blast.wav,C:\Users\dunnm\Downloads\Drum Breaks\377DrumLoopsSamplePack\2023-02-02 - 033 - 85 bpm - marching steady.wav,C:\Users\dunnm\Downloads\Drum Breaks\377DrumLoopsSamplePack\2023-02-03 - 034 - 111 bpm - chilled.wav,C:\Users\dunnm\Downloads\Drum Breaks\377DrumLoopsSamplePack\2023-02-04 - 035 - 105 bpm - funk-ish groove-y.wav,C:\Users\dunnm\Downloads\Drum Breaks\377DrumLoopsSamplePack\2023-02-05 - 036 - 89 bpm - rolling.wav,C:\Users\dunnm\Downloads\Drum Breaks\377DrumLoopsSamplePack\2023-02-06 - 037 - 111 bpm - driving rock-ish.wav,C:\Users\dunnm\Downloads\Drum Breaks\377DrumLoopsSamplePack\2023-02-07 - 038 - 121 bpm - rock metal punk.wav,C:\Users\dunnm\Downloads\Drum Breaks\377DrumLoopsSamplePack\2023-02-08 - 039 - 160 bpm - funk-y break-y.wav,C:\Users\dunnm\Downloads\Drum Breaks\377DrumLoopsSamplePack\2023-02-09 - 040 - 131 bpm - funk-y.wav,C:\Users\dunnm\Downloads\Drum Breaks\377DrumLoopsSamplePack\2023-02-10 - 041 - 166 bpm - metal hard rock.wav,C:\Users\dunnm\Downloads\Drum Breaks\377DrumLoopsSamplePack\2023-02-11 - 042 - 119 bpm - rock.wav,C:\Users\dunnm\Downloads\Drum Breaks\377DrumLoopsSamplePack\2023-02-12 - 043 - 132 bpm - funk-y rock-ish.wav,C:\Users\dunnm\Downloads\Drum Breaks\377DrumLoopsSamplePack\2023-02-13 - 044 - 120 bpm - metal.wav,C:\Users\dunnm\Downloads\Drum Breaks\377DrumLoopsSamplePack\2023-02-14 - 045 - 116 bpm - jazz-y fill-y.wav
C:\Users\dunnm\Downloads\Drum Breaks\377DrumLoopsSamplePack\2023-01-01 - 001 - 120 bpm - rock-ish.wav,0.0,0.0003730952724688513,1.7213985359799007e-05,0.00038375799289287835,4.264589301057216e-06,3.4215104934929795e-05,0.00019131752586556367,0.0003509541840547572,8.587823089980537e-08,0.0003901778445288983,0.0004856803490205248,8.478452137440529e-06,5.4642938348763914e-05,0.0009089397743199245,1.6005776854151764e-05,0.00031555587949868457,2.638419070907874e-06,3.4547905697801812e-06,3.22891653856967e-05,0.00034697651450809957,0.0004126485365615727,1.901350791452858e-06,3.9739253299794725e-06,0.0007000082929498963,1.3693059282044118e-05,6.475972310791165e-07,3.327958529364181e-05,0.0005460754967313875,5.474664318024405e-07,2.09670510281213e-05,1.787100292473818e-05,7.890447740554285e-05,2.7115405553634163e-05,0.0010254338342847178,2.2170235967217607e-06,2.2546674711644142e-06,1.3084757311506188e-06,7.758330775317624e-06,2.2729861411511938e-07,0.002058444062448856,3.3382915052282416e-07,2.096939139998747e-06,1.748213610822905e-05,0.0003992318179927429,5.101590327047245e-05
C:\Users\dunnm\Downloads\Drum Breaks\377DrumLoopsSamplePack\2023-01-02 - 002 - 121 bpm - crash-y tom-y.wav,0.0003730952724688513,0.0,0.0020848859006963607,0.0009072641556699842,3.0489925560159503e-05,7.396235437280927e-06,0.00011321328518264936,0.0002444463840956576,5.6269193066746366e-05,0.0003929537836386124,2.292514387043166e-05,1.1547012875372612e-05,0.00011561904005481761,8.07935241321457e-06,0.0006765194514316414,6.713513712178969e-07,5.877413363134253e-05,3.360254336910254e-05,0.0011325272105927313,0.00064165225522634,7.145460889273579e-05,2.0219048555617573e-05,4.891275167427875e-06,4.455312038178021e-05,6.400122369693677e-06,2.2407789036854806e-05,0.0007086500582362239,4.503025113546224e-06,6.857040271765241e-05,8.02956017163104e-06,8.350355160401265e-06,0.00016787919565762455,4.7743205279140664e-05,0.0007543724297327671,0.00048106407666405993,2.4856010393540782e-05,3.6291948140075068e-06,1.4617236218610962e-05,2.6071981429673843e-05,1.333401581813248e-05,8.350815922283415e-08,5.391519489272147e-05,2.197560635859143e-05,2.9112613474242006e-05,0.0008761155826802726
C:\Users\dunnm\Downloads\Drum Breaks\377DrumLoopsSamplePack\2023-01-03 - 003 - 101 bpm - slow spacey.wav,1.7213985359799007e-05,0.0020848859006963607,0.0,2.973618271356304e-05,0.00012159227619260027,2.782131891298623e-06,0.0004615585833668225,0.0001665922900967398,0.00017563991986577337,0.00012384784436357237,6.061564616590143e-05,9.874608871015984e-06,3.0111588505126708e-05,5.250738667577416e-06,0.00011822978892275248,5.3296954927996275e-05,1.0434813043889398e-05,8.956379623817783e-05,9.056552934550798e-06,0.0003155123328155617,6.593641202221825e-05,0.0002939487825400493,3.749287220184459e-05,4.2124621824187924e-05,0.00024361019492498548,2.7065900271063484e-05,7.7418010734553e-06,3.772640092800132e-05,6.945143844414446e-05,7.411832727686343e-06,3.656365241730779e-05,0.00014702781785472938,3.917152549431227e-06,6.774506158148952e-06,1.284101939486494e-07,0.00012796866180864546,4.463903633901268e-06,2.5181283456661248e-05,7.379083259083773e-05,1.1491377560177717e-05,0.00011040697772301598,5.240067678666809e-05,0.00015181240933763074,0.00014981028790001012,0.00019773041544448417
C:\Users\dunnm\Downloads\Drum Breaks\377DrumLoopsSamplePack\2023-01-04 - 004 - 93 bpm - rock.wav,0.00038375799289287835,0.0009072641556699842,2.973618271356304e-05,0.0,5.519662569763475e-11,6.673782000447646e-06,0.000232462280632422,1.5056669897869135e-05,3.8702893553595854e-06,0.000361040207482747,0.0003890557636986674,0.000123225402654727,0.00010555510632116405,7.162813848073456e-07,3.4083711151304077e-06,1.2561440000325616e-05,1.205338682302297e-07,6.603548500918785e-08,0.0005146019808823846,0.000407609553043659,0.00045593057646660064,8.276475687742192e-07,2.78171670104558e-10,9.84691492818825e-07,2.6481667576836665e-06,0.0003642818968418951,9.640751036085018e-09,0.0001044185444721134,8.226109537911975e-06,1.3318013475660656e-07,5.218517959131887e-06,5.134137400765803e-05,9.015309851196531e-05,5.994268451365296e-06,1.1800991851482176e-05,0.0009566538016527723,0.0001630242714044397,2.5199237996621766e-05,7.82675180655486e-05,1.2708120391983291e-05,0.0006174879606779575,1.2428881081492861e-08,4.277600505268051e-08,4.882667427685446e-05,0.000770943358952348
C:\Users\dunnm\Downloads\Drum Breaks\377DrumLoopsSamplePack\2023-01-05 - 005 - 124 bpm - funk groove.wav,4.264589301057216e-06,3.0489925560159503e-05,0.00012159227619260027,5.519662569763475e-11,0.0,6.841740463846952e-06,0.00017429193290339633,1.5028491552794556e-05,6.911327417451802e-05,0.00036055311024747744,2.097965902149977e-06,0.00012097419089775589,2.4510387805681073e-05,0.0003161797536509137,3.5462068124259574e-06,1.1906456892557753e-05,1.305379448507917e-07,6.959552407413568e-08,0.0021367138328844825,0.0004206973225012545,6.8524234714286e-07,8.85553844559341e-07,5.575024005379865e-10,1.0152261713774078e-06,2.6820066925814267e-06,0.002809355415950581,2.110603436244568e-06,7.350321126345035e-07,8.545120500773244e-06,0.00013378275439608053,4.997760070394964e-06,0.00013775146247222545,8.679941867458263e-05,0.0009319540344238017,0.00038023316050208943,8.292142389578318e-06,9.684148746437534e-07,4.613714764187483e-06,7.0033982423832866e-06,3.809421820436155e-06,6.6918378206169614e-06,0.00017208343437408348,4.2181831307943436e-08,7.903399869930777e-06,0.001364089289909452
C:\Users\dunnm\Downloads\Drum Breaks\377DrumLoopsSamplePack\2023-01-06 - 006 - 99 bpm - hard rock punk.wav,3.4215104934929795e-05,7.396235437280927e-06,2.782131891298623e-06,6.673782000447646e-06,6.841740463846952e-06,0.0,9.306703755047837e-05,1.8422135206075742e-06,0.000955435624176449,0.00038159835583602436,1.7554116103843633e-05,2.59365131019599e-07,0.0012954885188733748,0.0014677506407379272,0.00039819511063178146,3.811766031948916e-06,8.524404203623014e-06,5.5809961100200544e-05,7.48117385318763e-05,0.0005333767710832094,0.00139792095245324,0.00033588562479659804,0.0005881557046633005,1.5322030047259206e-06,9.416942839198887e-08,0.00017024127447228955,0.0008324207950743627,1.228195409339391e-05,2.9832854264457934e-05,5.839566748912751e-10,0.00037021461231512753,0.00012770297673171026,0.00014592453388157206,7.054569307261293e-09,3.8556791482295565e-05,0.0009246827755855177,1.1146783316010342e-05,0.00030861652224542936,0.0003638589871751913,5.725652478075899e-07,0.0009824552994196882,2.1028491081047818e-05,2.362274125302941e-06,0.00012073884024098736,0.0003565950166369859
C:\Users\dunnm\Downloads\Drum Breaks\377DrumLoopsSamplePack\2023-01-07 - 007 - 120 bpm - rock funk groove.wav,0.00019131752586556367,0.00011321328518264936,0.0004615585833668225,0.000232462280632422,0.00017429193290339633,9.306703755047837e-05,0.0,8.011177493139918e-05,0.0016784076410904585,4.0090089964452735e-05,0.00047128568755172427,0.0006880723369225875,0.00018627690502916958,7.20906588669675e-05,7.831762268949447e-06,0.0001324136361078048,0.00019920086393271618,0.0001083142655480075,0.0006621824282286867,3.927123834033752e-05,0.00044063087846324286,3.788380875209032e-05,0.0010434058510276692,0.00011216684227755984,0.0022524154194534045,0.0013398381448962745,0.00026248763613508867,5.044704655672018e-05,3.184579852173367e-05,0.0003191435295729472,3.7884317740441235e-06,1.6375890384054597e-06,0.0019396276891960962,7.72456218140526e-05,1.8488688089210084e-05,0.00024667873823536397,2.3250857595707837e-05,0.0011586878457402628,6.362917082686732e-05,0.001206081134891046,9.225822474949812e-05,0.00021215839912181323,0.00021206080433303334,1.8754416741422804e-05,7.385716545566934e-05
C:\Users\dunnm\Downloads\Drum Breaks\377DrumLoopsSamplePack\2023-01-08 - 008 - 135 bpm - steady marching.wav,0.0003509541840547572,0.0002444463840956576,0.0001665922900967398,1.5056669897869135e-05,1.5028491552794556e-05,1.8422135206075742e-06,8.011177493139918e-05,0.0,3.355265636818772e-05,0.0006395834423460129,4.9531712670445265e-05,0.0005285629773516115,6.046221422772205e-06,0.000236820182285002,8.402277771130295e-08,0.00020357018966779815,1.752093036066573e-05,0.0009921198002532155,0.0003075210522051211,0.0005802722460987981,2.6113316997388858e-05,0.0002523923084703368,5.713864530420827e-07,2.6040679605538032e-05,0.002469276190616327,4.078505422645663e-06,1.7800739553087687e-05,2.4448597219761275e-05,4.6833194751045454e-05,2.858818794193882e-05,1.8708241252090781e-06,0.00042068440774045804,0.00017270528603982892,0.0006331230697490464,0.0013516747732814152,0.0002562792543256454,7.153421280721393e-07,5.409152459610475e-06,4.4163933489503995e-05,4.620062675001364e-06,3.887461705189204e-06,0.0013401068663694525,8.336767785039623e-06,1.6172428617500728e-05,0.0008129471948712107
C:\Users\dunnm\Downloads\Drum Breaks\377DrumLoopsSamplePack\2023-01-09 - 009 - 102 bpm - funk-ish.wav,8.587823089980537e-08,5.6269193066746366e-05,0.00017563991986577337,3.8702893553595854e-06,6.911327417451802e-05,0.000955435624176449,0.0016784076410904585,3.355265636818772e-05,0.0,0.00036654050325557187,0.0016510626894732548,6.142936083952063e-06,2.229547965437167e-05,7.056533853562201e-06,1.3686020421152366e-05,0.0005658322495534772,1.8242882582283864e-06,2.260723509244214e-06,0.002424096213920966,0.00037525101674669713,7.56046849643787e-07,0.00010413983302576718,0.00024667695740229523,1.0744304305437566e-05,1.1029886680923517e-05,1.0883588375499383e-05,0.0006500212498748992,9.67777911564055e-07,6.523945389427037e-06,4.526884610735905e-06,1.5752628140777142e-05,3.2425702533292532e-06,6.247091654804325e-05,1.7571348509679688e-05,2.9978308015157496e-06,0.0008415923423291792,1.630541243391507e-05,1.2964303340972986e-06,5.624144691546389e-07,8.841185038653839e-06,1.4543073756343689e-05,1.2917770691568135e-06,4.206828049467271e-06,1.0612634790813411e-05,0.000805847098863574
C:\Users\dunnm\Downloads\Drum Breaks\377DrumLoopsSamplePack\2023-01-10 - 010 - 141 bpm - breakbeat.wav,0.0003901778445288983,0.0003929537836386124,0.00012384784436357237,0.000361040207482747,0.00036055311024747744,0.00038159835583602436,4.0090089964452735e-05,0.0006395834423460129,0.00036654050325557187,0.0,1.607945964769426e-05,0.00035213471842625,0.0005577214732149894,0.00045518428569096353,0.0008400949648843814,0.00015089769387780581,0.00017598883172815496,0.00012701166911997604,0.0002825570176719455,3.0270226363673736e-05,0.00030677616544113164,1.1694816681619121e-05,0.00022564808308735612,0.00013154702070013158,0.0004152606453042887,0.00037528781689300623,5.123827244857827e-05,0.000774073931831441,4.040639887122463e-05,0.0003400037873475568,0.00031138780604417557,0.00012786297070355455,3.598601841630895e-05,8.627023592538387e-05,2.555483556936078e-05,0.0002760369453613566,2.7659431806490186e-05,0.00010878448755326693,0.00018170581381641706,0.0006018322943135033,5.944629685928761e-05,1.6607893219551653e-05,0.00029656934448614864,0.0002966295497221056,3.446022946023082e-05
C:\Users\dunnm\Downloads\Drum Breaks\377DrumLoopsSamplePack\2023-01-11 - 011 - 109 bpm - tom-ish.wav,0.0004856803490205248,2.292514387043166e-05,6.061564616590143e-05,0.0003890557636986674,2.097965902149977e-06,1.7554116103843633e-05,0.00047128568755172427,4.9531712670445265e-05,0.0016510626894732548,1.607945964769426e-05,0.0,0.00010104515277428482,4.90208455930315e-06,6.198155329379316e-05,0.0001716146874328557,0.00017504075143789116,0.00020417511678229926,0.00011641060316113155,7.512431069581754e-05,9.02225970840508e-05,0.0002788583425213119,5.124242510210856e-05,1.0714799037527223e-06,6.588835131554877e-05,3.719824439974133e-05,0.00019507486311144817,2.7647202920647213e-05,0.0001481857772353639,0.00015139833721405748,6.732301703060015e-05,2.734224272320451e-05,1.6883954952279048e-05,0.00018036876139620697,2.8145287350351144e-05,2.769267985891691e-05,0.0002341684812491295,0.0002788120730663298,0.0001861830493209003,5.180376227163524e-05,4.835721655027782e-05,0.00010874015733050041,0.0002655887436935188,0.00010007725964592338,0.00022051163911808759,0.0002676105540881138
C:\Users\dunnm\Downloads\Drum Breaks\377DrumLoopsSamplePack\2023-01-12 - 012 - 129 bpm - funk-y break-y.wav,8.478452137440529e-06,1.1547012875372612e-05,9.874608871015984e-06,0.000123225402654727,0.00012097419089775589,2.59365131019599e-07,0.0006880723369225875,0.0005285629773516115,6.142936083952063e-06,0.00035213471842625,0.00010104515277428482,0.0,1.2104303228204891e-05,2.314998752112914e-05,0.0004307051304285575,6.112423631327195e-06,0.0003678026942010504,5.877508293451659e-06,0.000229977502605009,0.0004969704797229707,0.000689112089061866,1.4477060861093797e-06,9.99505943633828e-07,5.550577376660815e-07,1.8788187008469688e-07,1.7842204133471533e-05,1.6279322586029596e-07,0.0001120669608511283,2.4747799604650967e-05,0.0004653028689673813,0.0002227649142216378,3.493072321613052e-05,0.00014505235949670373,1.6866737433316298e-07,0.00027234815712430917,4.008826044616986e-05,1.1483986691556815e-06,0.00024726579425570655,2.3837091271510856e-05,4.2810970225044585e-07,1.4497709404055753e-08,0.0004606649734039684,1.027693919399013e-05,5.308228932410876e-05,0.0006299046974439691
C:\Users\dunnm\Downloads\Drum Breaks\377DrumLoopsSamplePack\2023-01-13 - 013 - 120 bpm - funk disco.wav,5.4642938348763914e-05,0.00011561904005481761,3.0111588505126708e-05,0.00010555510632116405,2.4510387805681073e-05,0.0012954885188733748,0.00018627690502916958,6.046221422772205e-06,2.229547965437167e-05,0.0005577214732149894,4.90208455930315e-06,1.2104303228204891e-05,0.0,7.39846788255483e-06,1.3762690259295756e-05,2.7866573067592265e-05,1.989049330946181e-06,2.4358225481331554e-06,0.0015442128603036713,0.0003655240081754095,0.0004083928629395368,2.4047090461926556e-06,0.0014043482363260554,7.524446392240694e-07,1.2133683717306337e-05,0.0009655388628953678,3.027420899128007e-06,1.0138790802784253e-06,9.501987180465992e-07,4.665982070429066e-06,1.6395085715507068e-05,9.542684968879124e-05,5.959358604960352e-05,1.763840524641931e-05,2.976592765237049e-06,0.0008302044284823409,7.621748543520379e-07,1.2707030645928433e-06,2.244823154500791e-05,2.2562963264056636e-05,0.0005233602014113032,1.4022775107015168e-06,4.178116384581694e-06,3.4640726060863376e-05,0.00048076882910802417
C:\Users\dunnm\Downloads\Drum Breaks\377DrumLoopsSamplePack\2023-01-14 - 014 - 141 bpm - groove-y.wav,0.0009089397743199245,8.07935241321457e-06,5.250738667577416e-06,7.162813848073456e-07,0.0003161797536509137,0.0014677506407379272,7.20906588669675e-05,0.000236820182285002,7.056533853562201e-06,0.00045518428569096353,6.198155329379316e-05,2.314998752112914e-05,7.39846788255483e-06,0.0,1.0215280020705005e-06,0.0005659019095273272,1.3813768328357014e-06,1.3360922349034053e-06,0.0016751436456115649,0.0028200153849014357,0.0004572919556843912,0.00029178334769868256,7.555225232359205e-07,3.5148427236735562e-06,0.0008807371903201988,1.3462801006065793e-06,9.651169394296196e-07,0.0019670697750070413,1.396982836388523e-05,6.61041188187667e-05,1.8805470740344647e-05,0.00010436807447690853,0.0001077541199337087,0.0005476969710666279,1.8514711205995496e-05,0.0008471919332335625,5.324643228877894e-06,3.4511930774598186e-05,6.747070360510894e-05,7.278245846279258e-07,0.000648983780862177,8.784854139141762e-06,1.409596488124393e-05,5.415205151586371e-06,0.00030265051916209614
C:\Users\dunnm\Downloads\Drum Breaks\377DrumLoopsSamplePack\2023-01-15 - 015 - 170 bpm - rock.wav,1.6005776854151764e-05,0.0006765194514316414,0.00011822978892275248,3.4083711151304077e-06,3.5462068124259574e-06,0.00039819511063178146,7.831762268949447e-06,8.402277771130295e-08,1.3686020421152366e-05,0.0008400949648843814,0.0001716146874328557,0.0004307051304285575,1.3762690259295756e-05,1.0215280020705005e-06,0.0,7.197221514466973e-06,1.5050203115551298e-05,1.9167323734019943e-05,0.0034210513980144318,0.00047073933373342167,0.0010387959206563106,2.7805105284957567e-05,1.5794802489885603e-06,0.00015011074045314128,3.970911320944312e-08,0.0008745267416291657,4.080612661377021e-06,7.930086619201637e-06,3.264767580957173e-06,0.0010491959045372155,0.00034163032256178495,2.709992002426599e-05,0.0003911706992192067,3.349874648245703e-07,0.00043878072016539915,2.7971398023784425e-07,8.20533970074295e-06,0.00012992232879102116,3.5548360318479553e-07,0.0011584148306428125,0.00023710688379790712,2.8674744031042914e-06,9.402282885825862e-07,1.7357367415406222e-05,0.0005989499974098543
C:\Users\dunnm\Downloads\Drum Breaks\377DrumLoopsSamplePack\2023-01-16 - 016 - 150 bpm - breaks.wav,0.00031555587949868457,6.713513712178969e-07,5.3296954927996275e-05,1.2561440000325616e-05,1.1906456892557753e-05,3.811766031948916e-06,0.0001324136361078048,0.00020357018966779815,0.0005658322495534772,0.00015089769387780581,0.00017504075143789116,6.112423631327195e-06,2.7866573067592265e-05,0.0005659019095273272,7.197221514466973e-06,0.0,5.6129218002004524e-06,2.2617904544290758e-05,0.0011305000116013872,0.0006078045884387616,0.00012367214308363768,0.0009460695077870568,5.3453301067898007e-05,0.00031936166389244096,2.9701562318921668e-06,4.725886996489444e-05,2.3688032826133604e-05,3.229453498582861e-05,5.595194657395558e-05,4.479006068108407e-06,4.641991734365663e-06,2.7926479996985623e-05,0.00019298728820946648,2.2389248020600892e-05,0.0005450806751662667,0.0007140830710109263,8.336680273671036e-05,9.586391763904332e-05,6.1167982350163385e-06,7.957792223751942e-06,0.000808458196958694,4.04216134619121e-05,5.971324781835467e-05,0.00015568817408309626,0.0008008964449374575
C:\Users\dunnm\Downloads\Drum Breaks\377DrumLoopsSamplePack\2023-01-17 - 017 - 114 bpm - steady groove-y.wav,2.638419070907874e-06,5.877413363134253e-05,1.0434813043889398e-05,1.205338682302297e-07,1.305379448507917e-07,8.524404203623014e-06,0.00019920086393271618,1.752093036066573e-05,1.8242882582283864e-06,0.00017598883172815496,0.00020417511678229926,0.0003678026942010504,1.989049330946181e-06,1.3813768328357014e-06,1.5050203115551298e-05,5.6129218002004524e-06,0.0,1.4460996885498082e-06,0.003481956900256147,0.0004982930138826677,0.0005274151968840334,0.000587299933422462,1.1890232569968043e-06,4.006448566625208e-06,2.205527587249572e-05,8.621870690472546e-07,5.20143682367711e-06,9.334140365314052e-06,2.433410803954663e-05,0.0004778881024577386,0.0003758388387055344,4.577814374427404e-05,0.0003851925075215092,2.0018084874683098e-07,3.3969887369414344e-05,0.00020384127692953433,5.160795639059924e-06,9.020418705686767e-05,1.063357082609478e-05,3.7714489422643415e-06,0.00014140789018283342,1.5885116638382876e-05,1.0085659428374052e-06,4.129348731813766e-05,0.0006333948892237616
C:\Users\dunnm\Downloads\Drum Breaks\377DrumLoopsSamplePack\2023-01-18 - 018 - 145 bpm - rock.wav,3.4547905697801812e-06,3.360254336910254e-05,8.956379623817783e-05,6.603548500918785e-08,6.959552407413568e-08,5.5809961100200544e-05,0.0001083142655480075,0.0009921198002532155,2.260723509244214e-06,0.00012701166911997604,0.00011641060316113155,5.877508293451659e-06,2.4358225481331554e-06,1.3360922349034053e-06,1.9167323734019943e-05,2.2617904544290758e-05,1.4460996885498082e-06,0.0,0.002641505739624132,0.0004076713926666929,0.00045848946065468206,1.4920860393377584e-06,0.0024002677334702877,0.00037627322010994844,4.109156851393236e-06,0.0003819325941190248,1.5670487520271963e-05,0.0005178696313960607,6.399224805930443e-06,1.2428364595146066e-05,6.485517594885919e-06,0.0021103090728316703,0.0003378546869526685,7.3866129682020345e-06,1.0050219392939524e-05,6.71793213208316e-06,9.48828434249927e-06,2.208577550843547e-05,0.00025477902557450845,0.0005443512731139736,2.1102907337596674e-05,1.2047746801313486e-07,2.2603639229253304e-07,2.99935642333701e-05,0.00029641108242067603
C:\Users\dunnm\Downloads\Drum Breaks\377DrumLoopsSamplePack\2023-01-19 - 019 - 120 bpm - groovey.wav,3.22891653856967e-05,0.0011325272105927313,9.056552934550798e-06,0.0005146019808823846,0.0021367138328844825,7.48117385318763e-05,0.0006621824282286867,0.0003075210522051211,0.002424096213920966,0.0002825570176719455,7.512431069581754e-05,0.000229977502605009,0.0015442128603036713,0.0016751436456115649,0.0034210513980144318,0.0011305000116013872,0.003481956900256147,0.002641505739624132,0.0,0.00013464933122466906,1.2166715414516524e-05,8.72287173911261e-05,0.00020079800077356938,5.358946521498934e-07,1.0586417042514538e-06,1.977996879751933e-06,1.8408312112114444e-07,7.554776808074209e-05,2.6191200299158435e-05,3.7154261863943615e-06,3.4595666384563807e-06,1.950448543266817e-05,6.180928346996226e-06,3.51086722635444e-06,0.00029403074199153985,7.178424679694234e-06,0.00019137299276220478,0.0002802799197054615,4.580519426658221e-05,0.00025432947849370367,2.3277202745406615e-05,8.132686953173962e-06,5.93925461901524e-05,5.789984245386197e-06,8.881135708247047e-05
C:\Users\dunnm\Downloads\Drum Breaks\377DrumLoopsSamplePack\2023-01-20 - 020 - 87 bpm - crashy slow groove.wav,0.00034697651450809957,0.00064165225522634,0.0003155123328155617,0.000407609553043659,0.0004206973225012545,0.0005333767710832094,3.927123834033752e-05,0.0005802722460987981,0.00037525101674669713,3.0270226363673736e-05,9.02225970840508e-05,0.0004969704797229707,0.0003655240081754095,0.0028200153849014357,0.00047073933373342167,0.0006078045884387616,0.0004982930138826677,0.0004076713926666929,0.00013464933122466906,0.0,0.00030708780846676575,4.1330900320207925e-05,0.0005844368288913606,0.00031762823244757733,8.561896820206569e-05,7.291313602776595e-05,1.804085693034356e-05,0.00013387233443243693,0.00012476370948014581,0.00017889418579634153,3.279321715571488e-05,7.301115138573135e-05,1.4488424285731172e-05,6.058187101745144e-05,1.4224599921637524e-05,2.7203700483399855e-05,8.550751867165757e-06,1.943100673120555e-05,4.1266608844540975e-06,2.1471393792022423e-05,3.381799530641771e-05,4.300247753133179e-05,0.0001843898198725665,3.6116536785228555e-05,5.798384141150288e-05
C:\Users\dunnm\Downloads\Drum Breaks\377DrumLoopsSamplePack\2023-01-21 - 021 - 160 bpm - hard rock breaks.wav,0.0004126485365615727,7.145460889273579e-05,6.593641202221825e-05,0.00045593057646660064,6.8524234714286e-07,0.00139792095245324,0.00044063087846324286,2.6113316997388858e-05,7.56046849643787e-07,0.00030677616544113164,0.0002788583425213119,0.000689112089061866,0.0004083928629395368,0.0004572919556843912,0.0010387959206563106,0.00012367214308363768,0.0005274151968840334,0.00045848946065468206,1.2166715414516524e-05,0.00030708780846676575,0.0,5.214793714824514e-05,2.016854269248014e-05,1.4980224464873452e-05,3.904009795536074e-05,4.0917979461394885e-05,2.1516766379510223e-05,7.369603919255008e-06,6.398402962728273e-07,0.00020838466269526503,4.685531274640154e-05,1.0931735571173831e-08,1.4684581396901487e-05,2.2846029478801523e-06,9.945542078977042e-05,5.800007127690102e-06,0.00018534564271835343,7.881043520488387e-10,2.6307666903340706e-06,2.1688444248073805e-06,1.962924229961641e-05,0.00014906413395132805,2.3240331837184122e-05,0.00015123561592509936,2.2856404070041823e-05
C:\Users\dunnm\Downloads\Drum Breaks\377DrumLoopsSamplePack\2023-01-22 - 022 - 170 bpm - breaks dnb.wav,1.901350791452858e-06,2.0219048555617573e-05,0.0002939487825400493,8.276475687742192e-07,8.85553844559341e-07,0.00033588562479659804,3.788380875209032e-05,0.0002523923084703368,0.00010413983302576718,1.1694816681619121e-05,5.124242510210856e-05,1.4477060861093797e-06,2.4047090461926556e-06,0.00029178334769868256,2.7805105284957567e-05,0.0009460695077870568,0.000587299933422462,1.4920860393377584e-06,8.72287173911261e-05,4.1330900320207925e-05,5.214793714824514e-05,0.0,0.00019125101512129243,3.826238210622152e-06,1.1416828896666068e-06,0.00013608722655769352,1.165318765339392e-06,3.4342159967241324e-06,1.390229119827036e-05,4.268953645963271e-06,8.68118452825334e-05,0.0003313821115295077,0.00010718915985563752,2.3414826520451885e-06,1.9283116218884442e-05,0.0010301380096660825,3.7394997174078206e-06,3.5937194748706106e-05,3.102401197718359e-05,1.4002967379180792e-06,0.0005827961065968417,0.00016148912258374034,2.803031137344615e-08,2.782697321844425e-05,0.0006045139536412883
C:\Users\dunnm\Downloads\Drum Breaks\377DrumLoopsSamplePack\2023-01-23 - 023 - 85 bpm - slow rock-ish.wav,3.9739253299794725e-06,4.891275167427875e-06,3.749287220184459e-05,2.78171670104558e-10,5.575024005379865e-10,0.0005881557046633005,0.0010434058510276692,5.713864530420827e-07,0.00024667695740229523,0.00022564808308735612,1.0714799037527223e-06,9.99505943633828e-07,0.0014043482363260554,7.555225232359205e-07,1.5794802489885603e-06,5.3453301067898007e-05,1.1890232569968043e-06,0.0024002677334702877,0.00020079800077356938,0.0005844368288913606,2.016854269248014e-05,0.00019125101512129243,0.0,1.8390375559888142e-05,0.0009355768315404206,1.4640661465957605e-06,7.904814067039151e-07,1.70358369313798e-05,5.849017108091128e-05,4.1171974297437165e-07,5.470504322574719e-07,0.0002067869095711429,0.0004895081017900489,3.664918559984946e-07,4.34086624744665e-05,0.0001951431845023767,1.762945181287854e-05,6.788820678589475e-05,3.316082905243418e-07,0.0008035525893497897,6.585051168674196e-05,2.7305044034597397e-05,0.0010293644275987098,3.018526233875692e-05,0.0007404627103281826
C:\Users\dunnm\Downloads\Drum Breaks\377DrumLoopsSamplePack\2023-01-24 - 024 - 180 bpm - metal punk rock.wav,0.0007000082929498963,4.455312038178021e-05,4.2124621824187924e-05,9.84691492818825e-07,1.0152261713774078e-06,1.5322030047259206e-06,0.00011216684227755984,2.6040679605538032e-05,1.0744304305437566e-05,0.00013154702070013158,6.588835131554877e-05,5.550577376660815e-07,7.524446392240694e-07,3.5148427236735562e-06,0.00015011074045314128,0.00031936166389244096,4.006448566625208e-06,0.00037627322010994844,5.358946521498934e-07,0.00031762823244757733,1.4980224464873452e-05,3.826238210622152e-06,1.8390375559888142e-05,0.0,0.0007117606858914475,9.066532884246265e-06,2.7359095347368293e-05,0.00047383996517319553,0.00011426240301627115,1.6437672725017081e-06,0.0001155774997749926,2.836500047836321e-05,7.402400137504284e-05,1.5701579306818083e-05,0.0003169005595176577,0.000837994944419315,1.6012624211686799e-07,3.165243505979814e-05,1.4899069660660431e-05,0.0011742890447040074,0.0003330841091116229,0.00018204962998115114,3.4419760549629553e-06,0.000598642161856952,0.0002802778525496052
C:\Users\dunnm\Downloads\Drum Breaks\377DrumLoopsSamplePack\2023-01-25 - 025 - 120 bpm - slow rock.wav,1.3693059282044118e-05,6.400122369693677e-06,0.00024361019492498548,2.6481667576836665e-06,2.6820066925814267e-06,9.416942839198887e-08,0.0022524154194534045,0.002469276190616327,1.1029886680923517e-05,0.0004152606453042887,3.719824439974133e-05,1.8788187008469688e-07,1.2133683717306337e-05,0.0008807371903201988,3.970911320944312e-08,2.9701562318921668e-06,2.205527587249572e-05,4.109156851393236e-06,1.0586417042514538e-06,8.561896820206569e-05,3.904009795536074e-05,1.1416828896666068e-06,0.0009355768315404206,0.0007117606858914475,0.0,4.7784427006860604e-06,2.2046576050215863e-07,6.137700675239757e-05,3.317488557657302e-05,4.029977321742082e-05,2.9087284705187787e-07,0.0009256352392393092,0.0004106502667681825,0.0011528666613907627,0.00036361738418582947,2.0240754730067372e-05,0.00011299209817853014,7.400347802594834e-06,6.836944551870991e-07,3.848207955969213e-06,6.160391259562689e-06,8.157025917674179e-06,0.00010307996627866177,1.0773448385186654e-05,0.00035132253827964416
C:\Users\dunnm\Downloads\Drum Breaks\377DrumLoopsSamplePack\2023-01-26 - 026 - 85 bpm - rock breaks.wav,6.475972310791165e-07,2.2407789036854806e-05,2.7065900271063484e-05,0.0003642818968418951,0.002809355415950581,0.00017024127447228955,0.0013398381448962745,4.078505422645663e-06,1.0883588375499383e-05,0.00037528781689300623,0.00019507486311144817,1.7842204133471533e-05,0.0009655388628953678,1.3462801006065793e-06,0.0008745267416291657,4.725886996489444e-05,8.621870690472546e-07,0.0003819325941190248,1.977996879751933e-06,7.291313602776595e-05,4.0917979461394885e-05,0.00013608722655769352,1.4640661465957605e-06,9.066532884246265e-06,4.7784427006860604e-06,0.0,7.636802809693338e-07,0.0021080552135520677,2.3757830652418105e-05,4.0396032818507977e-07,1.451293553404624e-07,8.002012457785516e-06,0.00012952478535712292,2.53464944819313e-07,2.929763377918694e-05,0.0008731409037948734,8.582895205240501e-06,2.4266785104437125e-05,2.242124804633875e-05,0.003089005438599977,1.5453851728952474e-11,3.2713820979883162e-06,8.112791944359758e-07,2.072683644545129e-05,0.0006310662829021558
C:\Users\dunnm\Downloads\Drum Breaks\377DrumLoopsSamplePack\2023-01-27 - 027 - 90 bpm - breaky.wav,3.327958529364181e-05,0.0007086500582362239,7.7418010734553e-06,9.640751036085018e-09,2.110603436244568e-06,0.0008324207950743627,0.00026248763613508867,1.7800739553087687e-05,0.0006500212498748992,5.123827244857827e-05,2.7647202920647213e-05,1.6279322586029596e-07,3.027420899128007e-06,9.651169394296196e-07,4.080612661377021e-06,2.3688032826133604e-05,5.20143682367711e-06,1.5670487520271963e-05,1.8408312112114444e-07,1.804085693034356e-05,2.1516766379510223e-05,1.165318765339392e-06,7.904814067039151e-07,2.7359095347368293e-05,2.2046576050215863e-07,7.636802809693338e-07,0.0,0.00010340789496881803,7.09472703014938e-06,0.0015802706435176456,5.618655042528241e-06,0.0001946243896029433,9.119935424363869e-05,0.0011759221539898875,1.1183920537540235e-05,7.813571004286942e-06,7.047306308422748e-07,2.311248772156097e-05,9.612838418071974e-06,0.001190807852492166,0.000653377570467686,3.998809756697178e-08,9.106479941551576e-08,0.0009200601365689856,0.0005756741971571474
C:\Users\dunnm\Downloads\Drum Breaks\377DrumLoopsSamplePack\2023-01-28 - 028 - 118 bpm - groove-y funky.wav,0.0005460754967313875,4.503025113546224e-06,3.772640092800132e-05,0.0001044185444721134,7.350321126345035e-07,1.228195409339391e-05,5.044704655672018e-05,2.4448597219761275e-05,9.67777911564055e-07,0.000774073931831441,0.0001481857772353639,0.0001120669608511283,1.0138790802784253e-06,0.0019670697750070413,7.930086619201637e-06,3.229453498582861e-05,9.334140365314052e-06,0.0005178696313960607,7.554776808074209e-05,0.00013387233443243693,7.369603919255008e-06,3.4342159967241324e-06,1.70358369313798e-05,0.00047383996517319553,6.137700675239757e-05,0.0021080552135520677,0.00010340789496881803,0.0,3.7862411943564687e-06,1.348779332643837e-06,9.490058357934235e-06,0.00012593733314835394,1.876953515855135e-06,1.0135315359340659e-05,7.369782083708308e-06,0.00012398314183215272,1.4402026313077637e-08,0.0001273172562508942,3.294128891493005e-05,0.0009580909197663112,8.196933979143158e-06,4.1462478112547906e-08,1.073869793026482e-06,1.34241324561537e-05,0.0005421177224278652
C:\Users\dunnm\Downloads\Drum Breaks\377DrumLoopsSamplePack\2023-01-29 - 029 - 170 bpm - metal punk.wav,5.474664318024405e-07,6.857040271765241e-05,6.945143844414446e-05,8.226109537911975e-06,8.545120500773244e-06,2.9832854264457934e-05,3.184579852173367e-05,4.6833194751045454e-05,6.523945389427037e-06,4.040639887122463e-05,0.00015139833721405748,2.4747799604650967e-05,9.501987180465992e-07,1.396982836388523e-05,3.264767580957173e-06,5.595194657395558e-05,2.433410803954663e-05,6.399224805930443e-06,2.6191200299158435e-05,0.00012476370948014581,6.398402962728273e-07,1.390229119827036e-05,5.849017108091128e-05,0.00011426240301627115,3.317488557657302e-05,2.3757830652418105e-05,7.09472703014938e-06,3.7862411943564687e-06,0.0,0.001265797958516765,2.3728940104525494e-05,1.1348723826878923e-05,4.562143054415315e-05,0.0012409273839643663,6.429882496908268e-07,7.572660999444203e-06,5.240530329661124e-06,0.0008018102854718307,0.002882014134178485,0.0013736042219955327,0.00046222714197710645,0.00022991485108304576,9.444488274610524e-06,0.0003072330771287918,0.00044739996946389985
C:\Users\dunnm\Downloads\Drum Breaks\377DrumLoopsSamplePack\2023-01-30 - 030 - 110 bpm - rock hard-disco.wav,2.09670510281213e-05,8.02956017163104e-06,7.411832727686343e-06,1.3318013475660656e-07,0.00013378275439608053,5.839566748912751e-10,0.0003191435295729472,2.858818794193882e-05,4.526884610735905e-06,0.0003400037873475568,6.732301703060015e-05,0.0004653028689673813,4.665982070429066e-06,6.61041188187667e-05,0.0010491959045372155,4.479006068108407e-06,0.0004778881024577386,1.2428364595146066e-05,3.7154261863943615e-06,0.00017889418579634153,0.00020838466269526503,4.268953645963271e-06,4.1171974297437165e-07,1.6437672725017081e-06,4.029977321742082e-05,4.0396032818507977e-07,0.0015802706435176456,1.348779332643837e-06,0.001265797958516765,0.0,0.00036523494382253085,0.0015628576360693248,0.00015397394933571647,1.1093498592071067e-08,2.5360327141980776e-06,1.793598606082047e-06,2.0243504175181738e-07,8.124147694351924e-05,0.0001837821874439624,0.0016199501026581602,0.0005749317440947062,0.00012370416285414934,4.206347829506776e-07,4.8862603437997e-05,0.0016195859354516324
C:\Users\dunnm\Downloads\Drum Breaks\377DrumLoopsSamplePack\2023-01-31 - 031 - 71 bpm - break-y funk-y.wav,1.787100292473818e-05,8.350355160401265e-06,3.656365241730779e-05,5.218517959131887e-06,4.997760070394964e-06,0.00037021461231512753,3.7884317740441235e-06,1.8708241252090781e-06,1.5752628140777142e-05,0.00031138780604417557,2.734224272320451e-05,0.0002227649142216378,1.6395085715507068e-05,1.8805470740344647e-05,0.00034163032256178495,4.641991734365663e-06,0.0003758388387055344,6.485517594885919e-06,3.4595666384563807e-06,3.279321715571488e-05,4.685531274640154e-05,8.68118452825334e-05,5.470504322574719e-07,0.0001155774997749926,2.9087284705187787e-07,1.451293553404624e-07,5.618655042528241e-06,9.490058357934235e-06,2.3728940104525494e-05,0.00036523494382253085,0.0,6.882748729068392e-05,2.328927697103561e-05,7.163008576400731e-07,0.0005057460218167564,9.998118354003017e-05,1.9925817147971694e-05,7.339615313934543e-05,3.803284471032361e-05,0.0007318419280122478,2.0249701764723906e-06,2.7245688490149743e-05,5.5739989261788595e-06,1.2866976234245427e-05,0.00024645745475911757
C:\Users\dunnm\Downloads\Drum Breaks\377DrumLoopsSamplePack\2023-02-01 - 032 - 135 bpm - metal blast.wav,7.890447740554285e-05,0.00016787919565762455,0.00014702781785472938,5.134137400765803e-05,0.00013775146247222545,0.00012770297673171026,1.6375890384054597e-06,0.00042068440774045804,3.2425702533292532e-06,0.00012786297070355455,1.6883954952279048e-05,3.493072321613052e-05,9.542684968879124e-05,0.00010436807447690853,2.709992002426599e-05,2.7926479996985623e-05,4.577814374427404e-05,0.0021103090728316703,1.950448543266817e-05,7.301115138573135e-05,1.0931735571173831e-08,0.0003313821115295077,0.0002067869095711429,2.836500047836321e-05,0.0009256352392393092,8.002012457785516e-06,0.0001946243896029433,0.00012593733314835394,1.1348723826878923e-05,0.0015628576360693248,6.882748729068392e-05,0.0,9.741290337277013e-05,0.0002483195574856047,1.1543889011152176e-05,1.9431084442882758e-05,0.0002673912898269056,6.0479788479037807e-05,9.39172170848631e-08,4.1879918365667926e-05,0.00025889944478383963,3.977360324512409e-05,5.3033397096904294e-05,0.00013904082517057206,0.0002549481630379866
